,RA,DEC,z1,z2,spec_type,GAMA_ID,STELLAR_MASS,Z,Unnamed: 0_y,incomplete_data,maybe_lens,no_clear_lens
0,138.2815,-0.66673,0.163,0.321,PG+ELG,198082,30250000384.0,0.1632000058889389,98.0,0.0,1.0,0.0
1,129.69546,-0.38179,0.418,0.738,PG+ELG,202448,,,100.0,0.0,1.0,0.0
2,132.36771000000002,0.1636,0.128,0.603,PG+ELG,209222,14250000384.0,0.12770000100135806,102.0,0.0,1.0,0.0
3,136.80625,1.64392,0.28300000000000003,0.308,PG+ELG,377212,98149998592.0,0.2825999855995178,126.0,0.0,1.0,0.0
4,130.27629,1.72911,0.361,0.387,PG+ELG,380839,237900005376.0,0.3601999878883362,127.0,0.0,1.0,0.0
5,138.7635,2.0415900000000002,0.341,0.358,PG+ELG,382857,77169999872.0,0.34060001373291016,128.0,0.0,1.0,0.0
6,132.51888,2.29438,0.10800000000000001,0.457,PG+ELG,417645,8476000256.0,0.10760000348091124,132.0,0.0,1.0,0.0
7,177.78321,0.9194899999999999,0.4,0.569,PG+ELG,98399,,,163.0,0.0,1.0,0.0
8,183.53083,1.55306,0.266,0.327,PG+ELG,220854,53719998464.0,0.2662000060081482,103.0,0.0,1.0,0.0
9,181.64301,1.7412299999999998,0.294,0.701,PG+ELG,289278,,,110.0,0.0,1.0,0.0
10,181.98808,-0.52788,0.22399999999999998,0.682,PG+ELG,560853,,,142.0,0.0,1.0,0.0
11,178.25696000000005,0.30019,0.365,0.391,PG+ELG,610029,,,154.0,0.0,1.0,0.0
12,215.06082999999998,1.6042299999999998,0.19,0.243,PG+ELG,238715,61440000000.0,0.1897999942302704,105.0,0.0,1.0,0.0
13,214.14233,1.86348,0.266,0.28600000000000003,PG+ELG,319348,43619999744.0,0.2658999860286713,115.0,0.0,1.0,0.0
14,218.63421,1.7856599999999998,0.27399999999999997,0.27899999999999997,PG+ELG,320557,177499996160.0,0.27399998903274536,117.0,0.0,1.0,0.0
15,213.49346,0.35214,0.231,0.262,PG+ELG,617856,85360001024.0,0.23149999976158145,155.0,0.0,1.0,0.0
